1.117587089538574e-08 -1.490116119384766e-08 -5.960464477539060e-08 1.192092895507812e-07
9.830400000000000e+04 -1.146880000000000e+05 -1.966080000000000e+05 7.208960000000000e+05
6
14  0  4 11 10  0  0.0 -4.83281910419e-05  2.16004991671e-12  0.00000000000e+00
     1.07000000000e+02 -2.55312500000e+01  4.60662045566e-09 -1.94580268560e+00
    -1.35414302349e-06  1.07153188437e-02  8.39307904243e-06  5.15358675575e+03
     2.08800000000e+05  2.45869159698e-07  2.21526043248e+00 -7.45058059692e-09
     9.60254206076e-01  2.18062500000e+02 -1.92958991062e+00 -7.79996775711e-09
    -6.93243162075e-10  0.00000000000e+00  1.05700000000e+03  0.00000000000e+00
     2.00000000000e+00  0.00000000000e+00 -9.77888703346e-09  1.07000000000e+02
     2.08800000000e+05  0.00000000000e+00
22  0  4 11 10  0  0.0 -7.74099491537e-04 -2.38742359215e-12  0.00000000000e+00
     3.80000000000e+01  4.00000000000e+01  5.60237621860e-09 -2.56470697480e+00
     2.08429992199e-06  6.87162950635e-03  6.21937215328e-06  5.15363288689e+03
     2.08800000000e+05  5.96046447754e-08  1.00906436392e+00  9.31322574615e-08
     9.28655058531e-01  2.38625000000e+02 -1.26132353384e+00 -8.38070623291e-09
     5.37522389965e-10  0.00000000000e+00  1.05700000000e+03  0.00000000000e+00
     2.00000000000e+00  0.00000000000e+00 -1.81607902050e-08  3.80000000000e+01
     2.08800000000e+05  0.00000000000e+00
25  0  4 11 10  0  0.0 -1.73719599843e-05 -1.13686837722e-13  0.00000000000e+00
     4.90000000000e+01  9.90625000000e+01  4.53840332843e-09  7.94434207534e-01
     5.03659248352e-06  8.63609113730e-03  2.14204192162e-06  5.15363306427e+03
     2.08800000000e+05 -5.58793544769e-08 -2.05107620895e+00  8.75443220139e-08
     9.67869025298e-01  3.41093750000e+02  8.86085125505e-01 -8.52214069565e-09
     2.36438420038e-10  0.00000000000e+00  1.05700000000e+03  0.00000000000e+00
     2.00000000000e+00  0.00000000000e+00  5.58793544769e-09  4.90000000000e+01
     2.08800000000e+05  0.00000000000e+00
26  0  4 11 10  0  0.0  9.25702042878e-05  8.29913915368e-12  0.00000000000e+00
     2.50000000000e+01  9.90625000000e+01  4.98556481164e-09  2.50477931103e-01
     5.20423054695e-06  4.26371942740e-03  1.36345624924e-06  5.15370601273e+03
     2.08800000000e+05  1.41561031342e-07 -2.08302149169e+00 -2.60770320892e-08
     9.49082676052e-01  3.45281250000e+02  1.27422026999e-01 -8.67393273269e-09
     3.51086052715e-10  0.00000000000e+00  1.05700000000e+03  0.00000000000e+00
     2.00000000000e+00  0.00000000000e+00  7.45058059692e-09  2.50000000000e+01
     2.08800000000e+05  0.00000000000e+00
31  0  4 11  9 59 44.0 -5.75091689825e-06 -2.50111042988e-12  0.00000000000e+00
     2.00000000000e+00  1.07468750000e+02  4.08588447920e-09  1.45676758399e+00
     5.82821667194e-06  9.58455377258e-03  1.16880983114e-05  5.15374768448e+03
     2.08784000000e+05 -6.89178705215e-08 -3.07280046405e+00  1.19209289551e-07
     9.59254128945e-01  1.53187500000e+02  6.93048867353e-02 -7.73353641855e-09
    -2.27509476683e-10  0.00000000000e+00  1.05700000000e+03  0.00000000000e+00
     2.00000000000e+00  0.00000000000e+00 -1.35041773319e-08  2.00000000000e+00
     2.08784000000e+05  0.00000000000e+00
32  0  4 11 10  0  0.0  1.36957038194e-04  1.18234311230e-11  0.00000000000e+00
     9.50000000000e+01 -3.51875000000e+01  4.85841665827e-09 -8.52732925189e-01
    -1.94460153580e-06  3.28612001613e-03  7.63870775700e-06  5.15364583969e+03
     2.08800000000e+05  1.13621354103e-07  2.12843207808e+00  8.38190317154e-08
     9.56483476210e-01  2.32750000000e+02 -2.54426060120e+00 -8.12605276843e-09
    -7.23601569481e-10  0.00000000000e+00  1.05700000000e+03  0.00000000000e+00
     2.00000000000e+00  0.00000000000e+00  4.65661287308e-10  9.50000000000e+01
     2.08800000000e+05  0.00000000000e+00
