 20 12  8  8  0  0.0000000

 23072040.430   124494476.19546        39.000        1210.797
 23618782.820   122687608.67647        41.000        3847.395   
 22964487.297   117300823.04747        43.000        -269.211
 22624054.883   120787569.38347        42.000       -3196.391 
 20957485.000   106154388.30548        46.000        2198.844      
 23102535.484   123818817.28548        45.000        1402.445
 20413240.664   109172359.10549        48.000        -357.926                  
 21253988.711   111086631.44549        50.000       -2138.199
